AOA	CL	CD
-180	-0.012455516	0.026766179
-179	0.074689847	0.029721081
-178	0.16183521	0.032675982
-177	0.248980573	0.035630884
-176	0.325326214	0.038585785
-175	0.399540332	0.041540687
-174	0.473754449	0.044495589
-173	0.547968566	0.04745049
-172	0.642612365	0.050625469
-171	0.740065243	0.058301544
-170	0.831834057	0.065977619
-169	0.918042373	0.073653694
-168	0.999406878	0.081329769
-167	1.048882957	0.089005844
-166	1.098359035	0.099872126
-165	1.147835114	0.113598255
-164	1.170818503	0.127324383
-163	1.080429517	0.141050512
-162	1.007339857	0.154776641
-161	0.971233689	0.169104876
-160	0.944246738	0.183623171
-159	0.917259787	0.198141466
-158	0.890272836	0.21265976
-157	0.872528668	0.227178055
-156	0.856465006	0.242477471
-155	0.840401345	0.257786338
-154	0.824337683	0.273095205
-153	0.808274022	0.288404073
-152	0.793347173	0.304542806
-151	0.780978154	0.323780794
-150	0.768609134	0.343018782
-149	0.756240115	0.36224011
-148	0.743871095	0.379911179
-147	0.731502076	0.397582248
-146	0.719133056	0.415253317
-145	0.706764037	0.432924386
-144	0.696053057	0.452216095
-143	0.687875193	0.477274569
-142	0.679697329	0.502333043
-141	0.671519465	0.527391516
-140	0.663341601	0.547592169
-139	0.655163737	0.567767301
-138	0.646985873	0.587942432
-137	0.638808009	0.608117564
-136	0.630630145	0.62921754
-135	0.621441281	0.65032757
-134	0.611803084	0.671437599
-133	0.602164887	0.692547628
-132	0.59252669	0.713657657
-131	0.582888493	0.734767687
-130	0.573250297	0.755877716
-129	0.5636121	0.776987745
-128	0.553973903	0.800801377
-127	0.544335706	0.824702704
-126	0.534697509	0.848604031
-125	0.525059312	0.872505358
-124	0.514432582	0.893772164
-123	0.503188019	0.914882193
-122	0.491943456	0.935992222
-121	0.480698893	0.957102252
-120	0.46945433	0.972796888
-119	0.458209767	0.988105755
-118	0.446965204	1.003414622
-117	0.43333757	1.01872349
-116	0.417273908	1.034647912
-115	0.401210246	1.0538859
-114	0.385146585	1.073123888
-113	0.369082923	1.092361875
-112	0.353019261	1.110863855
-111	0.33678496	1.12538215
-110	0.320542814	1.139900445
-109	0.304300667	1.154418739
-108	0.288058521	1.168937034
-107	0.271816374	1.182235147
-106	0.255574228	1.193575165
-105	0.239332081	1.204915183
-104	0.223507315	1.216255202
-103	0.207764927	1.22759522
-102	0.192022539	1.236622906
-101	0.17628015	1.244298981
-100	0.160537762	1.251975056
-99	0.144795374	1.259651131
-98	0.129052985	1.267327206
-97	0.113310597	1.274602838
-96	0.097002049	1.278696871
-95	0.080646321	1.282790905
-94	0.064290593	1.286884938
-93	0.047934865	1.290978972
-92	0.031579137	1.294221021
-91	0.015223409	1.296196926
-90	-0.001132319	1.298172831
-89	-0.017488047	1.300148737
-88	-0.033619109	1.300362753
-87	-0.048952604	1.298728346
-86	-0.064286099	1.297093939
-85	-0.079619594	1.295459533
-84	-0.09495309	1.293825126
-83	-0.110286585	1.289502224
-82	-0.12562008	1.284557264
-81	-0.140953575	1.279612303
-80	-0.15628707	1.274667343
-79	-0.172089869	1.267392739
-78	-0.188332016	1.259946871
-77	-0.204574162	1.252501003
-76	-0.220816309	1.245055135
-75	-0.237058456	1.236881395
-74	-0.253300602	1.226919038
-73	-0.269542749	1.216956681
-72	-0.285587189	1.206994323
-71	-0.301329577	1.197031966
-70	-0.317071966	1.187069609
-69	-0.332814354	1.176199398
-68	-0.348556742	1.158592611
-67	-0.36429913	1.140985824
-66	-0.380041519	1.123379037
-65	-0.395783907	1.10577225
-64	-0.410340056	1.088988269
-63	-0.423629085	1.072921885
-62	-0.436918114	1.056855501
-61	-0.450207143	1.040789117
-60	-0.463496172	1.022420611
-59	-0.476785201	1.003095433
-58	-0.49007423	0.983770255
-57	-0.503363259	0.964445077
-56	-0.516652288	0.944321871
-55	-0.528346184	0.918925046
-54	-0.539590747	0.893528221
-53	-0.55083531	0.868131395
-52	-0.562079873	0.845054472
-51	-0.573324436	0.826343834
-50	-0.584568999	0.807633195
-49	-0.595813562	0.788922556
-48	-0.607058125	0.770211917
-47	-0.618086447	0.751479013
-46	-0.626519869	0.728695302
-45	-0.634953292	0.70591159
-44	-0.643386714	0.683127879
-43	-0.651820136	0.660344168
-42	-0.660253559	0.636777889
-41	-0.668686981	0.612253943
-40	-0.677120403	0.587729997
-39	-0.685553826	0.563206051
-38	-0.693987248	0.538682105
-37	-0.703462562	0.514315693
-36	-0.713684892	0.489966102
-35	-0.723907222	0.465616511
-34	-0.734129552	0.441742506
-33	-0.744351882	0.421555423
-32	-0.754574212	0.401368339
-31	-0.764796542	0.381181255
-30	-0.775018872	0.360994171
-29	-0.785241202	0.340807087
-28	-0.799657308	0.320620003
-27	-0.814650059	0.300432919
-26	-0.82964281	0.280245836
-25	-0.844635561	0.263842819
-24	-0.859628311	0.248800151
-23	-0.874621062	0.233757483
-22	-0.889613813	0.218714815
-21	-0.908869612	0.203970497
-20	-0.929484645	0.191112885
-19	-0.950099677	0.178255272
-18	-0.970714709	0.16539766
-17	-0.992215303	0.152540047
-16	-1.09341637	0.139682435
-15	-1.169780545	0.243869792
-14	-0.739768683	0.250671078
-13	-0.681383452	0.225274252
-12	-0.630782918	0.199877427
-11	-0.580182385	0.16055632
-10	-0.534944643	0.11730557
-9	-0.492215303	0.031971207
-8	-0.449485963	0.006434346
-7	-0.406756624	-0.001314543
-6	-0.28084223	0.000170963
-5	-0.130914722	0.001656468
-4	-0.025965467	0.003141974
-3	0.078983788	0.004627479
-2	0.215648478	0.006112984
-1	0.350624423	0.00759849
0	0.43683274	0.009083995
1	0.523041057	0.010126067
2	0.653445037	0.010751922
3	0.784919929	0.011377776
4	0.886120996	0.01200363
5	0.987322064	0.012629484
6	1.088523131	0.013255338
7	1.189724199	0.014752729
8	1.290925267	0.018684229
9	1.368772242	0.022615729
10	1.436239621	0.026547228
11	1.503706999	0.033537411
12	1.556346382	0.046469774
13	1.595702353	0.059402137
14	1.635058324	0.087266739
15	1.631598458	0.112632145
16	1.552886517	0.131870134
17	1.474174575	0.145104556
18	1.426045374	0.156216571
19	1.378255981	0.167328585
20	1.330466588	0.178440599
21	1.300881207	0.189552613
22	1.275179348	0.201793126
23	1.249477489	0.218678375
24	1.223775631	0.235563624
25	1.198073772	0.252448873
26	1.174896203	0.269334123
27	1.158029359	0.286219372
28	1.141162514	0.303104621
29	1.12429567	0.321903917
30	1.107428825	0.341141906
31	1.090561981	0.360379894
32	1.073695136	0.379617882
33	1.056828292	0.39885587
34	1.041298213	0.418093858
35	1.028009184	0.438158852
36	1.014720155	0.459402255
37	1.001431126	0.480645659
38	0.988142097	0.501889062
39	0.974853068	0.523132465
40	0.961564039	0.544375868
41	0.94827501	0.565087438
42	0.934985981	0.585663515
43	0.921559905	0.606239592
44	0.908066429	0.626815668
45	0.894572953	0.647391745
46	0.881079478	0.667967822
47	0.867586002	0.688543898
48	0.854092526	0.709119975
49	0.840599051	0.729696052
50	0.827105575	0.750272128
51	0.813612099	0.770848205
52	0.800118624	0.793338692
53	0.786625148	0.817240019
54	0.773131672	0.841141346
55	0.755702038	0.865042672
56	0.737301844	0.888943999
57	0.71890165	0.912845326
58	0.700501456	0.929897195
59	0.682101262	0.946520154
60	0.663701068	0.963143113
61	0.645300874	0.979766071
62	0.62690068	0.99638903
63	0.608096086	1.013011989
64	0.585606959	1.029634948
65	0.563117833	1.048255269
66	0.540628707	1.067493257
67	0.518139581	1.086731245
68	0.495650455	1.105969233
69	0.473161328	1.12520722
70	0.450672202	1.143418703
71	0.428183076	1.156351066
72	0.405351765	1.16928343
73	0.381997673	1.182215794
74	0.35864358	1.195148157
75	0.335289488	1.206802875
76	0.311935395	1.216544094
77	0.288581303	1.226285313
78	0.26522721	1.236026532
79	0.241873118	1.245767751
80	0.218519025	1.25550897
81	0.195164933	1.26274193
82	0.171782325	1.269588923
83	0.148168742	1.276435917
84	0.12455516	1.283282911
85	0.100941578	1.286818973
86	0.077327995	1.290099674
87	0.053714413	1.293380374
88	0.03010083	1.296661074
89	0.006487248	1.299210455
90	-0.015535177	1.299221139
91	-0.031104572	1.299231823
92	-0.046673967	1.299242507
93	-0.062243362	1.29925319
94	-0.077812757	1.298125029
95	-0.093382152	1.296019354
96	-0.108951547	1.293913678
97	-0.124520942	1.291808002
98	-0.140090337	1.289702327
99	-0.155659732	1.287136959
100	-0.171229127	1.279691091
101	-0.186798522	1.272245224
102	-0.202367917	1.264799356
103	-0.217937312	1.257353488
104	-0.233506707	1.249163841
105	-0.249076102	1.240042054
106	-0.264645497	1.230920267
107	-0.280214892	1.22179848
108	-0.295784287	1.212676693
109	-0.311353682	1.200819113
110	-0.326923077	1.188324538
111	-0.34110413	1.175829963
112	-0.354457048	1.163335388
113	-0.367809967	1.15013469
114	-0.381162886	1.134068306
115	-0.394515804	1.118001922
116	-0.407868723	1.101935538
117	-0.421221642	1.085435129
118	-0.43457456	1.068195631
119	-0.447927479	1.050956134
120	-0.461280397	1.033716636
121	-0.474633316	1.016477138
122	-0.487986235	0.999182042
123	-0.501339153	0.978994959
124	-0.512013584	0.958807875
125	-0.522596702	0.938620792
126	-0.53317982	0.918433709
127	-0.543762938	0.894136513
128	-0.554346056	0.864788759
129	-0.564929174	0.835441004
130	-0.575512293	0.809706687
131	-0.586095411	0.788655884
132	-0.596678529	0.76760508
133	-0.607261647	0.746554276
134	-0.617844765	0.725503472
135	-0.628427884	0.704452668
136	-0.639011002	0.683401864
137	-0.649106084	0.662351059
138	-0.658744281	0.641300255
139	-0.668382477	0.619834714
140	-0.678020674	0.597422955
141	-0.687658871	0.575011196
142	-0.697297068	0.552599437
143	-0.706935265	0.530187678
144	-0.716573462	0.507775919
145	-0.726211659	0.484629397
146	-0.735849856	0.461473397
147	-0.745488053	0.438317397
148	-0.755832345	0.415161397
149	-0.767076908	0.392005397
150	-0.778321471	0.372840646
151	-0.789566034	0.355601148
152	-0.800810597	0.33836165
153	-0.81205516	0.321122152
154	-0.827642208	0.303882655
155	-0.843705869	0.286616764
156	-0.859769531	0.269295675
157	-0.875833192	0.251974586
158	-0.891896854	0.234653497
159	-0.911106169	0.217332408
160	-0.935844208	0.200011319
161	-0.960582246	0.18269023
162	-0.985320285	0.166705221
163	-1.019811849	0.152392208
164	-1.068538288	0.138079196
165	-1.166444249	0.123766183
166	-1.087732304	0.10945317
167	-1.015775337	0.095600801
168	-0.952056147	0.087527277
169	-0.885021251	0.079453754
170	-0.778197903	0.07138023
171	-0.685275801	0.063306706
172	-0.60656386	0.055233183
173	-0.538107949	0.047159659
174	-0.470640571	0.043761817
175	-0.397118428	0.040948199
176	-0.318406484	0.038134581
177	-0.239694541	0.035320963
178	-0.1609826	0.032507345
179	-0.08227066	0.030941224
180	-0.003558719	0.030951908